[Informacion]
Nombre = nada
Dueño = enventa
Tipo = 0
Seguro = 0
Comprado = 0
Exterior_X = 0.000000
Exterior_Y = 0.000000
Exterior_Z = 0.000000
Exterior_R = 0.000000
Exterior_XV = 0.000000
Exterior_YV = 0.000000
Interior_X = 0.000000
Interior_Y = 0.000000
Interior_Z = 0.000000
Interior_R = 0.000000
Dinero = 0
Precio = 0
Interior = 0
Empleados = 0
Espacio = 2
